%YAML:1.0
---
camera_matrix: !!opencv-matrix
   rows: 3
   cols: 3
   dt: d
   data: [ 8.0813538893153338e+02, 0., 3.1634272996698695e+02, 0.,
       8.0334381008421781e+02, 2.9866698203496753e+02, 0., 0., 1. ]
dist_coeff: !!opencv-matrix
   rows: 1
   cols: 5
   dt: d
   data: [ 7.4522138121546944e-01, -5.4205979649444034e+00,
       3.7368190226401782e-02, 1.2460957768253755e-03,
       7.2959356431478302e+00 ]
