%YAML:1.0
---
camera_matrix: !!opencv-matrix
   rows: 3
   cols: 3
   dt: d
   data: [ 5.2875770820994621e+03, 0., 2.7862318522397260e+02, 0.,
       6.7386509489253485e+03, 3.0777881009151156e+02, 0., 0., 1. ]
dist_coeff: !!opencv-matrix
   rows: 1
   cols: 5
   dt: d
   data: [ -2.0287368925921513e+01, 3.6180802288643654e+03,
       -1.7213887832969882e-01, 1.1642750211338694e-01,
       -7.5685021652073639e+00 ]
